#  20   20.00    0.00  1    0.60   1      33
 1    1      2.37830E-001     -2.86299E-003     -2.69173E-002
 1    2      2.41725E-001      1.32785E-003     -2.59198E-002
 1    3      2.59531E-001      5.18796E-002     -1.71306E-002
 1    4      3.14880E-001      2.02705E-001      1.63972E-002
 1    5      4.62825E-001      4.44936E-002      1.40546E-002
 1    6      7.95026E-001     -1.18113E-001     -1.74852E-002
 1    7      9.25517E-001     -3.59061E-002     -7.19364E-003
 1    8      9.55348E-001      6.83461E-003      4.61221E-003
 1    9      9.64263E-001      4.83656E-003      1.07172E-003
 1   10      9.67231E-001      1.32462E-003     -6.63328E-004
 1   11      9.67800E-001     -1.78349E-004     -1.05324E-003
 1   12      9.66073E-001     -7.88584E-004     -1.27950E-003
 1   13      9.58683E-001      2.30820E-004     -7.41772E-004
 1   14      9.31740E-001      2.71573E-002      1.07348E-002
 1   15      8.19189E-001      1.17414E-001      2.67190E-002
 1   16      4.86859E-001     -2.12345E-001      4.85668E-003
 1   17      2.84033E-001     -7.86127E-002     -2.54152E-002
 1   18      2.43112E-001     -7.27181E-003     -2.84735E-002
 1   19      2.37416E-001     -5.40289E-004     -2.79357E-002
 1   20      2.37000E-001     -1.58409E-003     -2.73216E-002
 2    1      2.38713E-001     -2.56466E-003     -4.66874E-002
 2    2      2.42596E-001      3.39742E-004     -4.69951E-002
 2    3      2.58460E-001      3.62510E-002     -3.91676E-002
 2    4      2.97859E-001      1.47077E-001     -1.43884E-003
 2    5      3.60185E-001      7.11780E-002      2.98471E-002
 2    6      6.29195E-001     -8.97734E-002      6.36255E-003
 2    7      8.77595E-001     -6.22950E-002     -5.88004E-003
 2    8      9.41929E-001      1.10151E-002      4.52248E-003
 2    9      9.60591E-001      7.68672E-003      1.03230E-003
 2   10      9.66488E-001      1.72327E-003     -4.81466E-004
 2   11      9.67925E-001     -1.69964E-004     -4.98592E-004
 2   12      9.66632E-001     -6.40757E-004     -4.28545E-004
 2   13      9.60360E-001     -5.49595E-004     -3.33677E-004
 2   14      9.38369E-001      1.15835E-002      4.54402E-003
 2   15      8.54407E-001      9.49895E-002      2.65584E-002
 2   16      5.43198E-001     -1.51012E-001      9.51214E-003
 2   17      2.96175E-001     -6.58151E-002     -3.43469E-002
 2   18      2.44675E-001     -6.61626E-003     -4.47418E-002
 2   19      2.38019E-001     -8.37224E-004     -4.56382E-002
 2   20      2.37698E-001     -1.56939E-003     -4.59701E-002
 3    1      2.39087E-001     -1.42528E-003     -5.38619E-002
 3    2      2.42943E-001      2.76716E-004     -5.46306E-002
 3    3      2.57882E-001      2.10672E-002     -4.72113E-002
 3    4      2.90489E-001      8.58704E-002     -8.55011E-003
 3    5      3.10307E-001      5.33311E-002      3.92170E-002
 3    6      4.50825E-001     -4.26971E-002      3.34718E-002
 3    7      7.75037E-001     -6.68834E-002      3.22597E-003
 3    8      9.18304E-001      1.13718E-002     -2.94507E-003
 3    9      9.55454E-001      8.41670E-003     -5.41625E-004
 3   10      9.65668E-001      1.61019E-003      3.55246E-004
 3   11      9.68049E-001     -2.29993E-004      5.45485E-004
 3   12      9.67004E-001     -5.19270E-004      4.13981E-004
 3   13      9.61261E-001     -5.08890E-004      1.56923E-004
 3   14      9.41555E-001      4.67728E-003      2.14473E-003
 3   15      8.69577E-001      5.71269E-002      2.48991E-002
 3   16      5.79613E-001     -8.38622E-002      1.26585E-002
 3   17      3.05487E-001     -4.19871E-002     -3.44599E-002
 3   18      2.45804E-001     -4.28415E-003     -5.02251E-002
 3   19      2.38323E-001     -4.88046E-004     -5.20100E-002
 3   20      2.38002E-001     -8.63128E-004     -5.27336E-002
 4    1      2.38875E-001     -3.26867E-004     -4.98371E-002
 4    2      2.42654E-001      1.37219E-004     -5.00273E-002
 4    3      2.57183E-001      5.68226E-003     -4.19221E-002
 4    4      2.87515E-001      2.29828E-002     -2.31070E-003
 4    5      2.93980E-001      1.53547E-002      5.07862E-002
 4    6      3.65395E-001     -8.82171E-003      6.06322E-002
 4    7      6.64160E-001     -2.40265E-002      1.41455E-002
 4    8      8.95361E-001      3.96038E-003     -1.51290E-002
 4    9      9.51250E-001      3.11804E-003     -4.82245E-003
 4   10      9.65080E-001      5.65081E-004      6.24441E-004
 4   11      9.68136E-001     -8.71831E-005      1.33650E-003
 4   12      9.67204E-001     -1.68148E-004      9.74072E-004
 4   13      9.61640E-001     -1.52580E-004      5.23698E-004
 4   14      9.42709E-001      1.07621E-003      1.78066E-003
 4   15      8.74550E-001      1.53363E-002      2.44179E-002
 4   16      5.95269E-001     -2.15410E-002      1.61280E-002
 4   17      3.09722E-001     -1.16336E-002     -2.94282E-002
 4   18      2.46118E-001     -1.17093E-003     -4.71297E-002
 4   19      2.38199E-001     -9.87412E-005     -4.88474E-002
 4   20      2.37820E-001     -1.86209E-004     -4.91901E-002
 5    1      2.38952E-001      5.95663E-004     -5.12840E-002
 5    2      2.42750E-001     -2.15504E-004     -5.16636E-002
 5    3      2.57349E-001     -9.95401E-003     -4.37798E-002
 5    4      2.88014E-001     -4.03377E-002     -4.43442E-003
 5    5      2.96325E-001     -2.66612E-002      4.78051E-002
 5    6      3.78371E-001      1.63004E-002      5.48528E-002
 5    7      6.86387E-001      4.02245E-002      1.19665E-002
 5    8      8.99946E-001     -6.67252E-003     -1.23771E-002
 5    9      9.52051E-001     -5.19060E-003     -3.74211E-003
 5   10      9.65190E-001     -9.47190E-004      6.31914E-004
 5   11      9.68121E-001      1.45487E-004      1.19946E-003
 5   12      9.67171E-001      2.86241E-004      8.74824E-004
 5   13      9.61581E-001      2.64259E-004      4.53969E-004
 5   14      9.42541E-001     -1.93032E-003      1.78670E-003
 5   15      8.73851E-001     -2.69183E-002      2.44106E-002
 5   16      5.92876E-001      3.81041E-002      1.53100E-002
 5   17      3.09085E-001      2.03209E-002     -3.07333E-002
 5   18      2.46097E-001      2.05339E-003     -4.82106E-002
 5   19      2.38250E-001      1.87022E-004     -5.00031E-002
 5   20      2.37886E-001      3.44996E-004     -5.04773E-002
 6    1      2.39047E-001      1.76631E-003     -5.31429E-002
 6    2      2.42915E-001     -2.64802E-004     -5.38847E-002
 6    3      2.58042E-001     -2.52247E-002     -4.64485E-002
 6    4      2.91912E-001     -1.02921E-001     -7.93967E-003
 6    5      3.19586E-001     -6.12134E-002      3.69567E-002
 6    6      4.92948E-001      5.51741E-002      2.55877E-002
 6    7      8.08999E-001      6.98482E-002     -2.31215E-005
 6    8      9.25645E-001     -1.19982E-002      2.25576E-005
 6    9      9.56932E-001     -8.69599E-003      2.18717E-004
 6   10      9.65886E-001     -1.71718E-003      1.20083E-004
 6   11      9.68015E-001      2.30131E-004      2.37884E-004
 6   12      9.66917E-001      5.71804E-004      1.92309E-004
 6   13      9.61071E-001      5.66797E-004      2.50634E-005
 6   14      9.40926E-001     -6.06959E-003      2.52906E-003
 6   15      8.66731E-001     -6.82109E-002      2.53370E-002
 6   16      5.71745E-001      1.02019E-001      1.18151E-002
 6   17      3.03375E-001      4.94024E-002     -3.51380E-002
 6   18      2.45566E-001      5.04435E-003     -4.97332E-002
 6   19      2.38281E-001      6.11806E-004     -5.13564E-002
 6   20      2.37968E-001      1.08102E-003     -5.20430E-002
 7    1      2.38513E-001      2.75909E-003     -4.25125E-002
 7    2      2.42397E-001     -4.87286E-004     -4.25411E-002
 7    3      2.58663E-001     -4.04988E-002     -3.44806E-002
 7    4      3.01289E-001     -1.63211E-001      2.57486E-003
 7    5      3.82993E-001     -6.91117E-002      2.58671E-002
 7    6      6.81761E-001      1.01110E-001     -8.00715E-004
 7    7      8.95124E-001      5.57253E-002     -7.00215E-003
 7    8      9.46584E-001     -9.98080E-003      5.05784E-003
 7    9      9.61777E-001     -6.94982E-003      1.09815E-003
 7   10      9.66709E-001     -1.65466E-003     -6.11905E-004
 7   11      9.67894E-001      1.44797E-004     -7.06893E-004
 7   12      9.66503E-001      6.59589E-004     -6.63771E-004
 7   13      9.59996E-001      4.47498E-004     -4.65013E-004
 7   14      9.36976E-001     -1.47151E-002      5.79576E-003
 7   15      8.47305E-001     -1.03439E-001      2.68613E-002
 7   16      5.29515E-001      1.69168E-001      8.46232E-003
 7   17      2.92990E-001      7.05493E-002     -3.28804E-002
 7   18      2.44268E-001      6.98421E-003     -4.13721E-002
 7   19      2.37875E-001      8.36934E-004     -4.19138E-002
 7   20      2.37538E-001      1.66467E-003     -4.20361E-002
 8    1      2.37578E-001      2.74442E-003     -2.04323E-002
 8    2      2.41497E-001     -1.81427E-003     -1.90621E-002
 8    3      2.60127E-001     -5.61620E-002     -1.01325E-002
 8    4      3.22194E-001     -2.15812E-001      2.10761E-002
 8    5      4.98615E-001     -2.82730E-002      9.54600E-003
 8    6      8.25359E-001      1.18459E-001     -2.19737E-002
 8    7      9.32807E-001      2.89352E-002     -6.33103E-003
 8    8      9.57605E-001     -5.75732E-003      4.17560E-003
 8    9      9.64974E-001     -4.09291E-003      1.05492E-003
 8   10      9.67392E-001     -1.14827E-003     -5.98318E-004
 8   11      9.67748E-001      2.55975E-004     -1.12090E-003
 8   12      9.65857E-001      8.97284E-004     -1.51289E-003
 8   13      9.58007E-001     -7.09251E-004     -7.92599E-004
 8   14      9.28998E-001     -3.37929E-002      1.31812E-002
 8   15      8.04058E-001     -1.18238E-001      2.59928E-002
 8   16      4.68951E-001      2.25675E-001      2.68408E-003
 8   17      2.80683E-001      7.99550E-002     -2.18859E-002
 8   18      2.42705E-001      7.13053E-003     -2.29462E-002
 8   19      2.37260E-001      3.20741E-004     -2.20346E-002
 8   20      2.36806E-001      1.42833E-003     -2.11598E-002
 9    1      2.37069E-001      1.76118E-003     -2.86820E-003
 9    2      2.41277E-001     -4.07081E-003     -9.98621E-004
 9    3      2.64501E-001     -7.04099E-002      6.57608E-003
 9    4      3.61678E-001     -2.48996E-001      2.27988E-002
 9    5      6.35302E-001      4.64684E-002     -7.22885E-003
 9    6      8.91063E-001      9.53725E-002     -2.73641E-002
 9    7      9.48576E-001      1.08391E-002     -1.82436E-003
 9    8      9.62723E-001     -2.93832E-003      2.94618E-003
 9    9      9.66711E-001     -1.96034E-003      1.11530E-003
 9   10      9.67751E-001     -3.32968E-004     -1.79326E-004
 9   11      9.67356E-001      9.65564E-004     -1.18164E-003
 9   12      9.64568E-001      1.74711E-003     -2.34906E-003
 9   13      9.54074E-001     -4.42974E-003     -1.98690E-004
 9   14      9.13190E-001     -6.71731E-002      2.29282E-002
 9   15      7.21910E-001     -9.26952E-002      1.79533E-002
 9   16      4.02923E-001      2.52905E-001     -1.15118E-002
 9   17      2.70069E-001      7.76456E-002     -1.18629E-002
 9   18      2.41648E-001      5.68742E-003     -7.05025E-003
 9   19      2.37010E-001     -8.23275E-004     -5.37472E-003
 9   20      2.36451E-001      4.37552E-004     -4.11472E-003
10    1      2.37031E-001      4.74736E-004      8.99671E-003
10    2      2.41870E-001     -6.20148E-003      1.05442E-002
10    3      2.72672E-001     -7.92975E-002      1.39878E-002
10    4      4.20548E-001     -2.49132E-001      6.78874E-003
10    5      7.48991E-001      1.04485E-001     -2.10639E-002
10    6      9.18724E-001      5.67811E-002     -2.03535E-002
10    7      9.55458E-001      2.98735E-003      5.50010E-004
10    8      9.65028E-001     -1.43224E-003      2.12515E-003
10    9      9.67507E-001     -6.98249E-004      1.18786E-003
10   10      9.67692E-001      5.77085E-004      3.10340E-004
10   11      9.66349E-001      2.45343E-003     -1.08527E-003
10   12      9.61693E-001      3.55196E-003     -3.21058E-003
10   13      9.45479E-001     -1.46012E-002      3.00561E-003
10   14      8.78375E-001     -1.04627E-001      2.75043E-002
10   15      5.98383E-001     -2.53995E-002      2.63729E-003
10   16      3.48720E-001      2.42665E-001     -2.49527E-002
10   17      2.62918E-001      6.68427E-002     -3.55789E-003
10   18      2.41236E-001      3.41598E-003      4.70381E-003
10   19      2.37144E-001     -2.09051E-003      6.56697E-003
10   20      2.36495E-001     -7.53740E-004      7.76549E-003
11    1      2.37416E-001     -5.40279E-004      2.79357E-002
11    2      2.43112E-001     -7.27177E-003      2.84734E-002
11    3      2.84033E-001     -7.86125E-002      2.54152E-002
11    4      4.86858E-001     -2.12346E-001     -4.85658E-003
11    5      8.19189E-001      1.17414E-001     -2.67189E-002
11    6      9.31740E-001      2.71575E-002     -1.07348E-002
11    7      9.58683E-001      2.30828E-004      7.41769E-004
11    8      9.66073E-001     -7.88586E-004      1.27950E-003
11    9      9.67800E-001     -1.78352E-004      1.05324E-003
11   10      9.67231E-001      1.32462E-003      6.63330E-004
11   11      9.64263E-001      4.83655E-003     -1.07170E-003
11   12      9.55348E-001      6.83463E-003     -4.61220E-003
11   13      9.25518E-001     -3.59058E-002      7.19356E-003
11   14      7.95027E-001     -1.18113E-001      1.74853E-002
11   15      4.62826E-001      4.44929E-002     -1.40545E-002
11   16      3.14880E-001      2.02705E-001     -1.63973E-002
11   17      2.59531E-001      5.18798E-002      1.71305E-002
11   18      2.41725E-001      1.32788E-003      2.59198E-002
11   19      2.37830E-001     -2.86298E-003      2.69172E-002
11   20      2.37000E-001     -1.58408E-003      2.73215E-002
12    1      2.38019E-001     -8.37213E-004      4.56382E-002
12    2      2.44675E-001     -6.61623E-003      4.47418E-002
12    3      2.96175E-001     -6.58149E-002      3.43470E-002
12    4      5.43197E-001     -1.51012E-001     -9.51209E-003
12    5      8.54407E-001      9.49896E-002     -2.65584E-002
12    6      9.38369E-001      1.15836E-002     -4.54405E-003
12    7      9.60360E-001     -5.49594E-004      3.33677E-004
12    8      9.66632E-001     -6.40758E-004      4.28546E-004
12    9      9.67925E-001     -1.69966E-004      4.98592E-004
12   10      9.66488E-001      1.72326E-003      4.81467E-004
12   11      9.60591E-001      7.68669E-003     -1.03229E-003
12   12      9.41929E-001      1.10151E-002     -4.52248E-003
12   13      8.77596E-001     -6.22947E-002      5.88000E-003
12   14      6.29196E-001     -8.97738E-002     -6.36247E-003
12   15      3.60186E-001      7.11777E-002     -2.98470E-002
12   16      2.97859E-001      1.47077E-001      1.43879E-003
12   17      2.58460E-001      3.62511E-002      3.91676E-002
12   18      2.42596E-001      3.39767E-004      4.69951E-002
12   19      2.38713E-001     -2.56465E-003      4.66874E-002
12   20      2.37698E-001     -1.56938E-003      4.59701E-002
13    1      2.38323E-001     -4.88039E-004      5.20101E-002
13    2      2.45804E-001     -4.28413E-003      5.02252E-002
13    3      3.05487E-001     -4.19870E-002      3.44600E-002
13    4      5.79612E-001     -8.38625E-002     -1.26585E-002
13    5      8.69577E-001      5.71271E-002     -2.48992E-002
13    6      9.41555E-001      4.67731E-003     -2.14474E-003
13    7      9.61261E-001     -5.08891E-004     -1.56923E-004
13    8      9.67004E-001     -5.19270E-004     -4.13980E-004
13    9      9.68049E-001     -2.29995E-004     -5.45485E-004
13   10      9.65668E-001      1.61018E-003     -3.55247E-004
13   11      9.55455E-001      8.41666E-003      5.41623E-004
13   12      9.18304E-001      1.13719E-002      2.94507E-003
13   13      7.75038E-001     -6.68831E-002     -3.22589E-003
13   14      4.50826E-001     -4.26975E-002     -3.34717E-002
13   15      3.10307E-001      5.33310E-002     -3.92170E-002
13   16      2.90489E-001      8.58706E-002      8.55003E-003
13   17      2.57882E-001      2.10673E-002      4.72113E-002
13   18      2.42943E-001      2.76732E-004      5.46306E-002
13   19      2.39087E-001     -1.42527E-003      5.38619E-002
13   20      2.38002E-001     -8.63122E-004      5.27336E-002
14    1      2.38199E-001     -9.87391E-005      4.88474E-002
14    2      2.46118E-001     -1.17093E-003      4.71298E-002
14    3      3.09722E-001     -1.16336E-002      2.94283E-002
14    4      5.95268E-001     -2.15411E-002     -1.61280E-002
14    5      8.74550E-001      1.53364E-002     -2.44180E-002
14    6      9.42709E-001      1.07621E-003     -1.78067E-003
14    7      9.61640E-001     -1.52580E-004     -5.23696E-004
14    8      9.67204E-001     -1.68148E-004     -9.74071E-004
14    9      9.68136E-001     -8.71838E-005     -1.33650E-003
14   10      9.65080E-001      5.65077E-004     -6.24449E-004
14   11      9.51250E-001      3.11802E-003      4.82241E-003
14   12      8.95362E-001      3.96041E-003      1.51290E-002
14   13      6.64162E-001     -2.40265E-002     -1.41454E-002
14   14      3.65395E-001     -8.82183E-003     -6.06321E-002
14   15      2.93980E-001      1.53547E-002     -5.07862E-002
14   16      2.87515E-001      2.29828E-002      2.31066E-003
14   17      2.57183E-001      5.68228E-003      4.19221E-002
14   18      2.42654E-001      1.37223E-004      5.00273E-002
14   19      2.38875E-001     -3.26866E-004      4.98371E-002
14   20      2.37820E-001     -1.86207E-004      4.91901E-002
15    1      2.38250E-001      1.87018E-004      5.00031E-002
15    2      2.46097E-001      2.05338E-003      4.82107E-002
15    3      3.09085E-001      2.03209E-002      3.07334E-002
15    4      5.92876E-001      3.81043E-002     -1.53100E-002
15    5      8.73851E-001     -2.69184E-002     -2.44107E-002
15    6      9.42541E-001     -1.93033E-003     -1.78670E-003
15    7      9.61581E-001      2.64260E-004     -4.53968E-004
15    8      9.67171E-001      2.86242E-004     -8.74824E-004
15    9      9.68121E-001      1.45488E-004     -1.19946E-003
15   10      9.65190E-001     -9.47182E-004     -6.31920E-004
15   11      9.52051E-001     -5.19058E-003      3.74208E-003
15   12      8.99946E-001     -6.67257E-003      1.23770E-002
15   13      6.86388E-001      4.02243E-002     -1.19663E-002
15   14      3.78372E-001      1.63006E-002     -5.48527E-002
15   15      2.96325E-001     -2.66611E-002     -4.78052E-002
15   16      2.88014E-001     -4.03378E-002      4.43436E-003
15   17      2.57349E-001     -9.95405E-003      4.37798E-002
15   18      2.42750E-001     -2.15511E-004      5.16637E-002
15   19      2.38952E-001      5.95660E-004      5.12841E-002
15   20      2.37886E-001      3.44993E-004      5.04774E-002
16    1      2.38281E-001      6.11797E-004      5.13565E-002
16    2      2.45566E-001      5.04433E-003      4.97332E-002
16    3      3.03375E-001      4.94023E-002      3.51381E-002
16    4      5.71745E-001      1.02020E-001     -1.18151E-002
16    5      8.66731E-001     -6.82111E-002     -2.53371E-002
16    6      9.40926E-001     -6.06963E-003     -2.52908E-003
16    7      9.61071E-001      5.66798E-004     -2.50630E-005
16    8      9.66917E-001      5.71805E-004     -1.92309E-004
16    9      9.68015E-001      2.30134E-004     -2.37884E-004
16   10      9.65886E-001     -1.71717E-003     -1.20083E-004
16   11      9.56932E-001     -8.69596E-003     -2.18713E-004
16   12      9.25645E-001     -1.19983E-002     -2.25635E-005
16   13      8.09000E-001      6.98478E-002      2.31666E-005
16   14      4.92949E-001      5.51746E-002     -2.55876E-002
16   15      3.19586E-001     -6.12132E-002     -3.69567E-002
16   16      2.91912E-001     -1.02921E-001      7.93959E-003
16   17      2.58042E-001     -2.52248E-002      4.64485E-002
16   18      2.42915E-001     -2.64821E-004      5.38847E-002
16   19      2.39047E-001      1.76630E-003      5.31430E-002
16   20      2.37968E-001      1.08101E-003      5.20430E-002
17    1      2.37875E-001      8.36923E-004      4.19138E-002
17    2      2.44268E-001      6.98418E-003      4.13721E-002
17    3      2.92990E-001      7.05492E-002      3.28805E-002
17    4      5.29514E-001      1.69168E-001     -8.46225E-003
17    5      8.47305E-001     -1.03439E-001     -2.68613E-002
17    6      9.36976E-001     -1.47152E-002     -5.79580E-003
17    7      9.59996E-001      4.47496E-004      4.65012E-004
17    8      9.66503E-001      6.59591E-004      6.63772E-004
17    9      9.67894E-001      1.44800E-004      7.06893E-004
17   10      9.66709E-001     -1.65465E-003      6.11907E-004
17   11      9.61777E-001     -6.94980E-003     -1.09814E-003
17   12      9.46585E-001     -9.98084E-003     -5.05784E-003
17   13      8.95124E-001      5.57249E-002      7.00209E-003
17   14      6.81762E-001      1.01110E-001      8.00795E-004
17   15      3.82993E-001     -6.91113E-002     -2.58670E-002
17   16      3.01289E-001     -1.63212E-001     -2.57493E-003
17   17      2.58663E-001     -4.04990E-002      3.44806E-002
17   18      2.42397E-001     -4.87314E-004      4.25411E-002
17   19      2.38513E-001      2.75908E-003      4.25126E-002
17   20      2.37538E-001      1.66466E-003      4.20361E-002
18    1      2.37260E-001      3.20731E-004      2.20346E-002
18    2      2.42705E-001      7.13049E-003      2.29462E-002
18    3      2.80683E-001      7.99547E-002      2.18859E-002
18    4      4.68950E-001      2.25675E-001     -2.68397E-003
18    5      8.04058E-001     -1.18238E-001     -2.59928E-002
18    6      9.28998E-001     -3.37931E-002     -1.31813E-002
18    7      9.58007E-001     -7.09264E-004      7.92594E-004
18    8      9.65857E-001      8.97287E-004      1.51289E-003
18    9      9.67748E-001      2.55978E-004      1.12090E-003
18   10      9.67392E-001     -1.14826E-003      5.98321E-004
18   11      9.64974E-001     -4.09290E-003     -1.05491E-003
18   12      9.57605E-001     -5.75733E-003     -4.17559E-003
18   13      9.32807E-001      2.89350E-002      6.33095E-003
18   14      8.25360E-001      1.18459E-001      2.19737E-002
18   15      4.98616E-001     -2.82723E-002     -9.54590E-003
18   16      3.22195E-001     -2.15812E-001     -2.10761E-002
18   17      2.60127E-001     -5.61623E-002      1.01324E-002
18   18      2.41497E-001     -1.81431E-003      1.90621E-002
18   19      2.37578E-001      2.74441E-003      2.04323E-002
18   20      2.36806E-001      1.42832E-003      2.11598E-002
19    1      2.37010E-001     -8.23284E-004      5.37474E-003
19    2      2.41648E-001      5.68738E-003      7.05027E-003
19    3      2.70069E-001      7.76454E-002      1.18630E-002
19    4      4.02923E-001      2.52906E-001      1.15119E-002
19    5      7.21909E-001     -9.26947E-002     -1.79532E-002
19    6      9.13190E-001     -6.71734E-002     -2.29282E-002
19    7      9.54074E-001     -4.42979E-003      1.98664E-004
19    8      9.64567E-001      1.74711E-003      2.34906E-003
19    9      9.67356E-001      9.65569E-004      1.18164E-003
19   10      9.67751E-001     -3.32962E-004      1.79330E-004
19   11      9.66711E-001     -1.96034E-003     -1.11529E-003
19   12      9.62723E-001     -2.93832E-003     -2.94618E-003
19   13      9.48576E-001      1.08390E-002      1.82431E-003
19   14      8.91063E-001      9.53723E-002      2.73640E-002
19   15      6.35303E-001      4.64691E-002      7.22895E-003
19   16      3.61678E-001     -2.48996E-001     -2.27987E-002
19   17      2.64501E-001     -7.04101E-002     -6.57606E-003
19   18      2.41277E-001     -4.07085E-003      9.98644E-004
19   19      2.37069E-001      1.76117E-003      2.86822E-003
19   20      2.36451E-001      4.37546E-004      4.11474E-003
20    1      2.37144E-001     -2.09052E-003     -6.56696E-003
20    2      2.41236E-001      3.41594E-003     -4.70381E-003
20    3      2.62918E-001      6.68425E-002      3.55788E-003
20    4      3.48720E-001      2.42665E-001      2.49528E-002
20    5      5.98382E-001     -2.53987E-002     -2.63719E-003
20    6      8.78374E-001     -1.04627E-001     -2.75043E-002
20    7      9.45479E-001     -1.46013E-002     -3.00568E-003
20    8      9.61693E-001      3.55195E-003      3.21058E-003
20    9      9.66349E-001      2.45344E-003      1.08528E-003
20   10      9.67692E-001      5.77091E-004     -3.10336E-004
20   11      9.67507E-001     -6.98245E-004     -1.18786E-003
20   12      9.65028E-001     -1.43224E-003     -2.12515E-003
20   13      9.55458E-001      2.98731E-003     -5.50027E-004
20   14      9.18724E-001      5.67808E-002      2.03535E-002
20   15      7.48992E-001      1.04485E-001      2.10640E-002
20   16      4.20549E-001     -2.49131E-001     -6.78858E-003
20   17      2.72672E-001     -7.92977E-002     -1.39878E-002
20   18      2.41870E-001     -6.20152E-003     -1.05442E-002
20   19      2.37031E-001      4.74728E-004     -8.99671E-003
20   20      2.36495E-001     -7.53746E-004     -7.76549E-003
