 #     20   60.00   10.00  1    0.75   5      -1
 1    1      9.78529E-001     -3.20532E-003     -3.68691E-012
 1    2      9.75621E-001     -1.47196E-002     -1.12715E-001
 1    3      9.63302E-001     -5.59650E-002     -2.52627E-001
 1    4      9.26008E-001     -1.29461E-001     -3.72892E-001
 1    5      8.25998E-001     -1.96024E-001     -3.79670E-001
 1    6      6.26010E-001     -1.87405E-001     -2.68164E-001
 1    7      3.90851E-001     -1.14173E-001     -1.33508E-001
 1    8      2.37584E-001     -5.23460E-002     -5.23460E-002
 1    9      1.69699E-001     -2.30770E-002     -1.88745E-002
 1   10      1.44522E-001     -1.23891E-002     -6.16900E-003
 1   11      1.38220E-001     -9.81498E-003      1.17406E-013
 1   12      1.44522E-001     -1.23891E-002      6.16900E-003
 1   13      1.69699E-001     -2.30770E-002      1.88745E-002
 1   14      2.37584E-001     -5.23460E-002      5.23460E-002
 1   15      3.90851E-001     -1.14173E-001      1.33508E-001
 1   16      6.26010E-001     -1.87405E-001      2.68164E-001
 1   17      8.25998E-001     -1.96024E-001      3.79670E-001
 1   18      9.26008E-001     -1.29461E-001      3.72892E-001
 1   19      9.63302E-001     -5.59650E-002      2.52627E-001
 1   20      9.75621E-001     -1.47196E-002      1.12715E-001
 2    1      9.78107E-001     -5.71843E-003     -4.18399E-012
 2    2      9.74072E-001     -1.59191E-002     -1.48844E-001
 2    3      9.55682E-001     -5.03371E-002     -3.20117E-001
 2    4      8.93479E-001     -1.03962E-001     -4.29627E-001
 2    5      7.24164E-001     -1.36323E-001     -3.69193E-001
 2    6      4.58632E-001     -1.02229E-001     -1.96119E-001
 2    7      2.58441E-001     -4.84910E-002     -7.17051E-002
 2    8      1.69699E-001     -1.88745E-002     -2.30770E-002
 2    9      1.37173E-001     -7.63743E-003     -7.63743E-003
 2   10      1.25577E-001     -4.00687E-003     -2.44164E-003
 2   11      1.22626E-001     -3.18901E-003     -6.38656E-014
 2   12      1.25577E-001     -4.00687E-003      2.44164E-003
 2   13      1.37173E-001     -7.63743E-003      7.63743E-003
 2   14      1.69699E-001     -1.88745E-002      2.30770E-002
 2   15      2.58441E-001     -4.84910E-002      7.17051E-002
 2   16      4.58632E-001     -1.02229E-001      1.96119E-001
 2   17      7.24164E-001     -1.36323E-001      3.69193E-001
 2   18      8.93479E-001     -1.03962E-001      4.29627E-001
 2   19      9.55682E-001     -5.03371E-002      3.20117E-001
 2   20      9.74072E-001     -1.59191E-002      1.48844E-001
 3    1      9.77564E-001     -4.45968E-003     -4.16517E-012
 3    2      9.72545E-001     -1.05021E-002     -1.75745E-001
 3    3      9.48479E-001     -2.98207E-002     -3.63978E-001
 3    4      8.61487E-001     -5.68765E-002     -4.55052E-001
 3    5      6.33532E-001     -6.58805E-002     -3.41171E-001
 3    6      3.52415E-001     -4.10476E-002     -1.44138E-001
 3    7      1.99356E-001     -1.69965E-002     -4.29443E-002
 3    8      1.44522E-001     -6.16900E-003     -1.23891E-002
 3    9      1.25577E-001     -2.44164E-003     -4.00687E-003
 3   10      1.18555E-001     -1.31369E-003     -1.31369E-003
 3   11      1.16675E-001     -1.07119E-003     -5.52787E-014
 3   12      1.18555E-001     -1.31369E-003      1.31369E-003
 3   13      1.25577E-001     -2.44164E-003      4.00687E-003
 3   14      1.44522E-001     -6.16900E-003      1.23891E-002
 3   15      1.99356E-001     -1.69965E-002      4.29443E-002
 3   16      3.52415E-001     -4.10476E-002      1.44138E-001
 3   17      6.33532E-001     -6.58805E-002      3.41171E-001
 3   18      8.61487E-001     -5.68765E-002      4.55052E-001
 3   19      9.48479E-001     -2.98207E-002      3.63978E-001
 3   20      9.72545E-001     -1.05021E-002      1.75745E-001
 4    1      9.77314E-001      1.02168E-013     -3.54711E-012
 4    2      9.71894E-001      6.65606E-013     -1.85662E-001
 4    3      9.45426E-001      1.89687E-012     -3.78782E-001
 4    4      8.47755E-001      3.52574E-012     -4.61309E-001
 4    5      5.98011E-001      3.89294E-012     -3.27673E-001
 4    6      3.18894E-001      2.21870E-012     -1.26834E-001
 4    7      1.83622E-001      7.55541E-013     -3.51957E-002
 4    8      1.38220E-001      1.17413E-013     -9.81498E-003
 4    9      1.22626E-001     -6.38586E-014     -3.18901E-003
 4   10      1.16675E-001     -5.52752E-014     -1.07119E-003
 4   11      1.15040E-001      1.89501E-014      1.89432E-014
 4   12      1.16675E-001      1.01193E-013      1.07119E-003
 4   13      1.22626E-001      1.47833E-013      3.18901E-003
 4   14      1.38220E-001      9.51531E-014      9.81498E-003
 4   15      1.83622E-001     -1.58998E-013      3.51957E-002
 4   16      3.18894E-001     -7.19286E-013      1.26834E-001
 4   17      5.98011E-001     -1.32139E-012      3.27673E-001
 4   18      8.47755E-001     -1.18885E-012      4.61309E-001
 4   19      9.45426E-001     -6.35741E-013      3.78782E-001
 4   20      9.71894E-001     -2.05308E-013      1.85662E-001
 5    1      9.77564E-001      4.45968E-003     -2.52021E-012
 5    2      9.72545E-001      1.05021E-002     -1.75745E-001
 5    3      9.48479E-001      2.98207E-002     -3.63978E-001
 5    4      8.61487E-001      5.68765E-002     -4.55052E-001
 5    5      6.33532E-001      6.58805E-002     -3.41171E-001
 5    6      3.52415E-001      4.10476E-002     -1.44138E-001
 5    7      1.99356E-001      1.69965E-002     -4.29443E-002
 5    8      1.44522E-001      6.16900E-003     -1.23891E-002
 5    9      1.25577E-001      2.44164E-003     -4.00687E-003
 5   10      1.18555E-001      1.31369E-003     -1.31369E-003
 5   11      1.16675E-001      1.07119E-003      1.01186E-013
 5   12      1.18555E-001      1.31369E-003      1.31369E-003
 5   13      1.25577E-001      2.44164E-003      4.00687E-003
 5   14      1.44522E-001      6.16900E-003      1.23891E-002
 5   15      1.99356E-001      1.69965E-002      4.29443E-002
 5   16      3.52415E-001      4.10476E-002      1.44138E-001
 5   17      6.33532E-001      6.58805E-002      3.41171E-001
 5   18      8.61487E-001      5.68765E-002      4.55052E-001
 5   19      9.48479E-001      2.98207E-002      3.63978E-001
 5   20      9.72545E-001      1.05021E-002      1.75745E-001
 6    1      9.78107E-001      5.71843E-003     -1.42789E-012
 6    2      9.74072E-001      1.59191E-002     -1.48844E-001
 6    3      9.55682E-001      5.03371E-002     -3.20117E-001
 6    4      8.93479E-001      1.03962E-001     -4.29627E-001
 6    5      7.24164E-001      1.36323E-001     -3.69193E-001
 6    6      4.58632E-001      1.02229E-001     -1.96119E-001
 6    7      2.58441E-001      4.84910E-002     -7.17051E-002
 6    8      1.69699E-001      1.88745E-002     -2.30770E-002
 6    9      1.37173E-001      7.63743E-003     -7.63743E-003
 6   10      1.25577E-001      4.00687E-003     -2.44164E-003
 6   11      1.22626E-001      3.18901E-003      1.47826E-013
 6   12      1.25577E-001      4.00687E-003      2.44164E-003
 6   13      1.37173E-001      7.63743E-003      7.63743E-003
 6   14      1.69699E-001      1.88745E-002      2.30770E-002
 6   15      2.58441E-001      4.84910E-002      7.17051E-002
 6   16      4.58632E-001      1.02229E-001      1.96119E-001
 6   17      7.24164E-001      1.36323E-001      3.69193E-001
 6   18      8.93479E-001      1.03962E-001      4.29627E-001
 6   19      9.55682E-001      5.03371E-002      3.20117E-001
 6   20      9.74072E-001      1.59191E-002      1.48844E-001
 7    1      9.78529E-001      3.20532E-003     -5.33323E-013
 7    2      9.75621E-001      1.47196E-002     -1.12715E-001
 7    3      9.63302E-001      5.59650E-002     -2.52627E-001
 7    4      9.26008E-001      1.29461E-001     -3.72892E-001
 7    5      8.25998E-001      1.96024E-001     -3.79670E-001
 7    6      6.26010E-001      1.87405E-001     -2.68164E-001
 7    7      3.90851E-001      1.14173E-001     -1.33508E-001
 7    8      2.37584E-001      5.23460E-002     -5.23460E-002
 7    9      1.69699E-001      2.30770E-002     -1.88745E-002
 7   10      1.44522E-001      1.23891E-002     -6.16900E-003
 7   11      1.38220E-001      9.81498E-003      9.51322E-014
 7   12      1.44522E-001      1.23891E-002      6.16900E-003
 7   13      1.69699E-001      2.30770E-002      1.88745E-002
 7   14      2.37584E-001      5.23460E-002      5.23460E-002
 7   15      3.90851E-001      1.14173E-001      1.33508E-001
 7   16      6.26010E-001      1.87405E-001      2.68164E-001
 7   17      8.25998E-001      1.96024E-001      3.79670E-001
 7   18      9.26008E-001      1.29461E-001      3.72892E-001
 7   19      9.63302E-001      5.59650E-002      2.52627E-001
 7   20      9.75621E-001      1.47196E-002      1.12715E-001
 8    1      9.78566E-001     -1.01229E-003      8.57925E-014
 8    2      9.76619E-001      9.44050E-003     -7.67868E-002
 8    3      9.69015E-001      4.83701E-002     -1.76358E-001
 8    4      9.48900E-001      1.26561E-001     -2.84662E-001
 8    5      8.99565E-001      2.20478E-001     -3.42775E-001
 8    6      7.88795E-001      2.63038E-001     -3.13586E-001
 8    7      5.96682E-001      2.18220E-001     -2.18220E-001
 8    8      3.90851E-001      1.33508E-001     -1.14173E-001
 8    9      2.58441E-001      7.17051E-002     -4.84910E-002
 8   10      1.99356E-001      4.29443E-002     -1.69965E-002
 8   11      1.83622E-001      3.51957E-002     -1.59033E-013
 8   12      1.99356E-001      4.29443E-002      1.69965E-002
 8   13      2.58441E-001      7.17051E-002      4.84910E-002
 8   14      3.90851E-001      1.33508E-001      1.14173E-001
 8   15      5.96682E-001      2.18220E-001      2.18220E-001
 8   16      7.88795E-001      2.63038E-001      3.13586E-001
 8   17      8.99565E-001      2.20478E-001      3.42775E-001
 8   18      9.48900E-001      1.26561E-001      2.84662E-001
 8   19      9.69015E-001      4.83701E-002      1.76358E-001
 8   20      9.76619E-001      9.44050E-003      7.67868E-002
 9    1      9.78237E-001     -4.30436E-003      4.69569E-013
 9    2      9.76995E-001      4.01325E-003     -4.75856E-002
 9    3      9.72520E-001      3.51416E-002     -1.09074E-001
 9    4      9.62153E-001      1.02206E-001     -1.86026E-001
 9    5      9.39721E-001      2.01570E-001     -2.57211E-001
 9    6      8.90644E-001      2.89177E-001     -2.89177E-001
 9    7      7.88795E-001      3.13586E-001     -2.63038E-001
 9    8      6.26010E-001      2.68164E-001     -1.87405E-001
 9    9      4.58632E-001      1.96119E-001     -1.02229E-001
 9   10      3.52415E-001      1.44138E-001     -4.10476E-002
 9   11      3.18894E-001      1.26834E-001     -7.19355E-013
 9   12      3.52415E-001      1.44138E-001      4.10476E-002
 9   13      4.58632E-001      1.96119E-001      1.02229E-001
 9   14      6.26010E-001      2.68164E-001      1.87405E-001
 9   15      7.88795E-001      3.13586E-001      2.63038E-001
 9   16      8.90644E-001      2.89177E-001      2.89177E-001
 9   17      9.39721E-001      2.01570E-001      2.57211E-001
 9   18      9.62153E-001      1.02206E-001      1.86026E-001
 9   19      9.72520E-001      3.51416E-002      1.09074E-001
 9   20      9.76995E-001      4.01325E-003      4.75856E-002
10    1      9.77743E-001     -5.31228E-003      6.54227E-013
10    2      9.76994E-001      8.60201E-004     -2.68407E-002
10    3      9.74482E-001      2.33411E-002     -5.99295E-002
10    4      9.69313E-001      7.22945E-002     -1.03185E-001
10    5      9.59417E-001      1.54724E-001     -1.54724E-001
10    6      9.39721E-001      2.57211E-001     -2.01570E-001
10    7      8.99565E-001      3.42775E-001     -2.20478E-001
10    8      8.25998E-001      3.79670E-001     -1.96024E-001
10    9      7.24164E-001      3.69193E-001     -1.36323E-001
10   10      6.33532E-001      3.41171E-001     -6.58805E-002
10   11      5.98011E-001      3.27673E-001     -1.32150E-012
10   12      6.33532E-001      3.41171E-001      6.58805E-002
10   13      7.24164E-001      3.69193E-001      1.36323E-001
10   14      8.25998E-001      3.79670E-001      1.96024E-001
10   15      8.99565E-001      3.42775E-001      2.20478E-001
10   16      9.39721E-001      2.57211E-001      2.01570E-001
10   17      9.59417E-001      1.54724E-001      1.54724E-001
10   18      9.69313E-001      7.22945E-002      1.03185E-001
10   19      9.74482E-001      2.33411E-002      5.99295E-002
10   20      9.76994E-001      8.60201E-004      2.68407E-002
11    1      9.77299E-001     -4.34305E-003      6.57696E-013
11    2      9.76897E-001      4.06053E-005     -1.32192E-002
11    3      9.75634E-001      1.52739E-002     -2.82454E-002
11    4      9.73301E-001      4.72099E-002     -4.72099E-002
11    5      9.69313E-001      1.03185E-001     -7.22945E-002
11    6      9.62153E-001      1.86026E-001     -1.02206E-001
11    7      9.48900E-001      2.84662E-001     -1.26561E-001
11    8      9.26008E-001      3.72892E-001     -1.29461E-001
11    9      8.93479E-001      4.29627E-001     -1.03962E-001
11   10      8.61487E-001      4.55052E-001     -5.68765E-002
11   11      8.47755E-001      4.61309E-001     -1.18891E-012
11   12      8.61487E-001      4.55052E-001      5.68765E-002
11   13      8.93479E-001      4.29627E-001      1.03962E-001
11   14      9.26008E-001      3.72892E-001      1.29461E-001
11   15      9.48900E-001      2.84662E-001      1.26561E-001
11   16      9.62153E-001      1.86026E-001      1.02206E-001
11   17      9.69313E-001      1.03185E-001      7.22945E-002
11   18      9.73301E-001      4.72099E-002      4.72099E-002
11   19      9.75634E-001      1.52739E-002      2.82454E-002
11   20      9.76897E-001      4.06053E-005      1.32192E-002
12    1      9.77019E-001     -2.59982E-003      5.20028E-013
12    2      9.76857E-001      2.52070E-004     -4.83549E-003
12    3      9.76390E-001      9.68102E-003     -9.68102E-003
12    4      9.75634E-001      2.82454E-002     -1.52739E-002
12    5      9.74482E-001      5.99295E-002     -2.33411E-002
12    6      9.72520E-001      1.09074E-001     -3.51416E-002
12    7      9.69015E-001      1.76358E-001     -4.83701E-002
12    8      9.63302E-001      2.52627E-001     -5.59650E-002
12    9      9.55682E-001      3.20117E-001     -5.03371E-002
12   10      9.48479E-001      3.63978E-001     -2.98207E-002
12   11      9.45426E-001      3.78782E-001     -6.35686E-013
12   12      9.48479E-001      3.63978E-001      2.98207E-002
12   13      9.55682E-001      3.20117E-001      5.03371E-002
12   14      9.63302E-001      2.52627E-001      5.59650E-002
12   15      9.69015E-001      1.76358E-001      4.83701E-002
12   16      9.72520E-001      1.09074E-001      3.51416E-002
12   17      9.74482E-001      5.99295E-002      2.33411E-002
12   18      9.75634E-001      2.82454E-002      1.52739E-002
12   19      9.76390E-001      9.68102E-003      9.68102E-003
12   20      9.76857E-001      2.52070E-004      4.83549E-003
13    1      9.76893E-001     -1.08491E-003      2.97096E-013
13    2      9.76876E-001      3.29482E-004     -3.29482E-004
13    3      9.76857E-001      4.83549E-003     -2.52070E-004
13    4      9.76897E-001      1.32192E-002     -4.06053E-005
13    5      9.76994E-001      2.68407E-002     -8.60201E-004
13    6      9.76995E-001      4.75856E-002     -4.01325E-003
13    7      9.76619E-001      7.67868E-002     -9.44050E-003
13    8      9.75621E-001      1.12715E-001     -1.47196E-002
13    9      9.74072E-001      1.48844E-001     -1.59191E-002
13   10      9.72545E-001      1.75745E-001     -1.05021E-002
13   11      9.71894E-001      1.85662E-001     -2.05141E-013
13   12      9.72545E-001      1.75745E-001      1.05021E-002
13   13      9.74072E-001      1.48844E-001      1.59191E-002
13   14      9.75621E-001      1.12715E-001      1.47196E-002
13   15      9.76619E-001      7.67868E-002      9.44050E-003
13   16      9.76995E-001      4.75856E-002      4.01325E-003
13   17      9.76994E-001      2.68407E-002      8.60201E-004
13   18      9.76897E-001      1.32192E-002      4.06053E-005
13   19      9.76857E-001      4.83549E-003      2.52070E-004
13   20      9.76876E-001      3.29482E-004      3.29482E-004
14    1      9.76862E-001      1.98175E-014      1.99285E-014
14    2      9.76893E-001     -3.14027E-013      1.08491E-003
14    3      9.77019E-001     -7.14817E-013      2.59982E-003
14    4      9.77299E-001     -1.17575E-012      4.34305E-003
14    5      9.77743E-001     -1.68521E-012      5.31228E-003
14    6      9.78237E-001     -2.26877E-012      4.30436E-003
14    7      9.78566E-001     -2.96246E-012      1.01229E-003
14    8      9.78529E-001     -3.68708E-012     -3.20532E-003
14    9      9.78107E-001     -4.18424E-012     -5.71843E-003
14   10      9.77564E-001     -4.16539E-012     -4.45968E-003
14   11      9.77314E-001     -3.54733E-012      1.02224E-013
14   12      9.77564E-001     -2.52076E-012      4.45968E-003
14   13      9.78107E-001     -1.42841E-012      5.71843E-003
14   14      9.78529E-001     -5.33934E-013      3.20532E-003
14   15      9.78566E-001      8.55427E-014     -1.01229E-003
14   16      9.78237E-001      4.69569E-013     -4.30436E-003
14   17      9.77743E-001      6.54282E-013     -5.31228E-003
14   18      9.77299E-001      6.57668E-013     -4.34305E-003
14   19      9.77019E-001      5.20001E-013     -2.59982E-003
14   20      9.76893E-001      2.97096E-013     -1.08491E-003
15    1      9.76893E-001      1.08491E-003     -3.13916E-013
15    2      9.76876E-001     -3.29482E-004     -3.29482E-004
15    3      9.76857E-001     -4.83549E-003     -2.52070E-004
15    4      9.76897E-001     -1.32192E-002     -4.06053E-005
15    5      9.76994E-001     -2.68407E-002     -8.60201E-004
15    6      9.76995E-001     -4.75856E-002     -4.01325E-003
15    7      9.76619E-001     -7.67868E-002     -9.44050E-003
15    8      9.75621E-001     -1.12715E-001     -1.47196E-002
15    9      9.74072E-001     -1.48844E-001     -1.59191E-002
15   10      9.72545E-001     -1.75745E-001     -1.05021E-002
15   11      9.71894E-001     -1.85662E-001      6.65634E-013
15   12      9.72545E-001     -1.75745E-001      1.05021E-002
15   13      9.74072E-001     -1.48844E-001      1.59191E-002
15   14      9.75621E-001     -1.12715E-001      1.47196E-002
15   15      9.76619E-001     -7.67868E-002      9.44050E-003
15   16      9.76995E-001     -4.75856E-002      4.01325E-003
15   17      9.76994E-001     -2.68407E-002      8.60201E-004
15   18      9.76897E-001     -1.32192E-002      4.06053E-005
15   19      9.76857E-001     -4.83549E-003      2.52070E-004
15   20      9.76876E-001     -3.29482E-004      3.29482E-004
16    1      9.77019E-001      2.59982E-003     -7.14873E-013
16    2      9.76857E-001     -2.52070E-004     -4.83549E-003
16    3      9.76390E-001     -9.68102E-003     -9.68102E-003
16    4      9.75634E-001     -2.82454E-002     -1.52739E-002
16    5      9.74482E-001     -5.99295E-002     -2.33411E-002
16    6      9.72520E-001     -1.09074E-001     -3.51416E-002
16    7      9.69015E-001     -1.76358E-001     -4.83701E-002
16    8      9.63302E-001     -2.52627E-001     -5.59650E-002
16    9      9.55682E-001     -3.20117E-001     -5.03371E-002
16   10      9.48479E-001     -3.63978E-001     -2.98207E-002
16   11      9.45426E-001     -3.78782E-001      1.89679E-012
16   12      9.48479E-001     -3.63978E-001      2.98207E-002
16   13      9.55682E-001     -3.20117E-001      5.03371E-002
16   14      9.63302E-001     -2.52627E-001      5.59650E-002
16   15      9.69015E-001     -1.76358E-001      4.83701E-002
16   16      9.72520E-001     -1.09074E-001      3.51416E-002
16   17      9.74482E-001     -5.99295E-002      2.33411E-002
16   18      9.75634E-001     -2.82454E-002      1.52739E-002
16   19      9.76390E-001     -9.68102E-003      9.68102E-003
16   20      9.76857E-001     -2.52070E-004      4.83549E-003
17    1      9.77299E-001      4.34305E-003     -1.17592E-012
17    2      9.76897E-001     -4.06053E-005     -1.32192E-002
17    3      9.75634E-001     -1.52739E-002     -2.82454E-002
17    4      9.73301E-001     -4.72099E-002     -4.72099E-002
17    5      9.69313E-001     -1.03185E-001     -7.22945E-002
17    6      9.62153E-001     -1.86026E-001     -1.02206E-001
17    7      9.48900E-001     -2.84662E-001     -1.26561E-001
17    8      9.26008E-001     -3.72892E-001     -1.29461E-001
17    9      8.93479E-001     -4.29627E-001     -1.03962E-001
17   10      8.61487E-001     -4.55052E-001     -5.68765E-002
17   11      8.47755E-001     -4.61309E-001      3.52560E-012
17   12      8.61487E-001     -4.55052E-001      5.68765E-002
17   13      8.93479E-001     -4.29627E-001      1.03962E-001
17   14      9.26008E-001     -3.72892E-001      1.29461E-001
17   15      9.48900E-001     -2.84662E-001      1.26561E-001
17   16      9.62153E-001     -1.86026E-001      1.02206E-001
17   17      9.69313E-001     -1.03185E-001      7.22945E-002
17   18      9.73301E-001     -4.72099E-002      4.72099E-002
17   19      9.75634E-001     -1.52739E-002      2.82454E-002
17   20      9.76897E-001     -4.06053E-005      1.32192E-002
18    1      9.77743E-001      5.31228E-003     -1.68543E-012
18    2      9.76994E-001     -8.60201E-004     -2.68407E-002
18    3      9.74482E-001     -2.33411E-002     -5.99295E-002
18    4      9.69313E-001     -7.22945E-002     -1.03185E-001
18    5      9.59417E-001     -1.54724E-001     -1.54724E-001
18    6      9.39721E-001     -2.57211E-001     -2.01570E-001
18    7      8.99565E-001     -3.42775E-001     -2.20478E-001
18    8      8.25998E-001     -3.79670E-001     -1.96024E-001
18    9      7.24164E-001     -3.69193E-001     -1.36323E-001
18   10      6.33532E-001     -3.41171E-001     -6.58805E-002
18   11      5.98011E-001     -3.27673E-001      3.89280E-012
18   12      6.33532E-001     -3.41171E-001      6.58805E-002
18   13      7.24164E-001     -3.69193E-001      1.36323E-001
18   14      8.25998E-001     -3.79670E-001      1.96024E-001
18   15      8.99565E-001     -3.42775E-001      2.20478E-001
18   16      9.39721E-001     -2.57211E-001      2.01570E-001
18   17      9.59417E-001     -1.54724E-001      1.54724E-001
18   18      9.69313E-001     -7.22945E-002      1.03185E-001
18   19      9.74482E-001     -2.33411E-002      5.99295E-002
18   20      9.76994E-001     -8.60201E-004      2.68407E-002
19    1      9.78237E-001      4.30436E-003     -2.26888E-012
19    2      9.76995E-001     -4.01325E-003     -4.75856E-002
19    3      9.72520E-001     -3.51416E-002     -1.09074E-001
19    4      9.62153E-001     -1.02206E-001     -1.86026E-001
19    5      9.39721E-001     -2.01570E-001     -2.57211E-001
19    6      8.90644E-001     -2.89177E-001     -2.89177E-001
19    7      7.88795E-001     -3.13586E-001     -2.63038E-001
19    8      6.26010E-001     -2.68164E-001     -1.87405E-001
19    9      4.58632E-001     -1.96119E-001     -1.02229E-001
19   10      3.52415E-001     -1.44138E-001     -4.10476E-002
19   11      3.18894E-001     -1.26834E-001      2.21863E-012
19   12      3.52415E-001     -1.44138E-001      4.10476E-002
19   13      4.58632E-001     -1.96119E-001      1.02229E-001
19   14      6.26010E-001     -2.68164E-001      1.87405E-001
19   15      7.88795E-001     -3.13586E-001      2.63038E-001
19   16      8.90644E-001     -2.89177E-001      2.89177E-001
19   17      9.39721E-001     -2.01570E-001      2.57211E-001
19   18      9.62153E-001     -1.02206E-001      1.86026E-001
19   19      9.72520E-001     -3.51416E-002      1.09074E-001
19   20      9.76995E-001     -4.01325E-003      4.75856E-002
20    1      9.78566E-001      1.01229E-003     -2.96244E-012
20    2      9.76619E-001     -9.44050E-003     -7.67868E-002
20    3      9.69015E-001     -4.83701E-002     -1.76358E-001
20    4      9.48900E-001     -1.26561E-001     -2.84662E-001
20    5      8.99565E-001     -2.20478E-001     -3.42775E-001
20    6      7.88795E-001     -2.63038E-001     -3.13586E-001
20    7      5.96682E-001     -2.18220E-001     -2.18220E-001
20    8      3.90851E-001     -1.33508E-001     -1.14173E-001
20    9      2.58441E-001     -7.17051E-002     -4.84910E-002
20   10      1.99356E-001     -4.29443E-002     -1.69965E-002
20   11      1.83622E-001     -3.51957E-002      7.55507E-013
20   12      1.99356E-001     -4.29443E-002      1.69965E-002
20   13      2.58441E-001     -7.17051E-002      4.84910E-002
20   14      3.90851E-001     -1.33508E-001      1.14173E-001
20   15      5.96682E-001     -2.18220E-001      2.18220E-001
20   16      7.88795E-001     -2.63038E-001      3.13586E-001
20   17      8.99565E-001     -2.20478E-001      3.42775E-001
20   18      9.48900E-001     -1.26561E-001      2.84662E-001
20   19      9.69015E-001     -4.83701E-002      1.76358E-001
20   20      9.76619E-001     -9.44050E-003      7.67868E-002
