 #     20   60.00    5.00  1    0.75   5      -1
 1    1      9.85437E-001      2.45462E-003     -1.02243E-012
 1    2      9.84043E-001     -8.46633E-003     -6.28139E-002
 1    3      9.78044E-001     -5.82625E-002     -1.65342E-001
 1    4      9.59040E-001     -1.80438E-001     -2.99484E-001
 1    5      8.96811E-001     -3.04165E-001     -3.62339E-001
 1    6      6.98993E-001     -2.77222E-001     -2.86627E-001
 1    7      3.72389E-001     -1.27944E-001     -1.28151E-001
 1    8      1.80123E-001     -3.38342E-002     -3.38342E-002
 1    9      1.22888E-001     -7.85751E-003     -7.23573E-003
 1   10      1.07473E-001     -2.96462E-003     -1.43010E-003
 1   11      1.03962E-001     -2.35040E-003      1.72987E-014
 1   12      1.07473E-001     -2.96462E-003      1.43010E-003
 1   13      1.22888E-001     -7.85751E-003      7.23573E-003
 1   14      1.80123E-001     -3.38342E-002      3.38342E-002
 1   15      3.72389E-001     -1.27944E-001      1.28151E-001
 1   16      6.98993E-001     -2.77222E-001      2.86627E-001
 1   17      8.96811E-001     -3.04165E-001      3.62339E-001
 1   18      9.59040E-001     -1.80438E-001      2.99484E-001
 1   19      9.78044E-001     -5.82625E-002      1.65342E-001
 1   20      9.84043E-001     -8.46633E-003      6.28139E-002
 2    1      9.85631E-001      1.12761E-003     -1.72148E-012
 2    2      9.83318E-001     -1.05585E-002     -1.07179E-001
 2    3      9.71778E-001     -6.39340E-002     -2.74724E-001
 2    4      9.23862E-001     -1.78133E-001     -4.15548E-001
 2    5      7.44709E-001     -2.32657E-001     -3.53547E-001
 2    6      4.00457E-001     -1.26957E-001     -1.56082E-001
 2    7      1.84412E-001     -3.51568E-002     -3.87141E-002
 2    8      1.22888E-001     -7.23573E-003     -7.85751E-003
 2    9      1.06832E-001     -1.60262E-003     -1.60262E-003
 2   10      1.00671E-001     -9.60938E-004     -3.40116E-004
 2   11      9.87443E-002     -9.95981E-004      3.18148E-015
 2   12      1.00671E-001     -9.60938E-004      3.40116E-004
 2   13      1.06832E-001     -1.60262E-003      1.60262E-003
 2   14      1.22888E-001     -7.23573E-003      7.85751E-003
 2   15      1.84412E-001     -3.51568E-002      3.87141E-002
 2   16      4.00457E-001     -1.26957E-001      1.56082E-001
 2   17      7.44709E-001     -2.32657E-001      3.53547E-001
 2   18      9.23862E-001     -1.78133E-001      4.15548E-001
 2   19      9.71778E-001     -6.39340E-002      2.74724E-001
 2   20      9.83318E-001     -1.05585E-002      1.07179E-001
 3    1      9.85643E-001     -2.02374E-004     -2.36475E-012
 3    2      9.82405E-001     -8.13129E-003     -1.47017E-001
 3    3      9.64303E-001     -4.27564E-002     -3.57138E-001
 3    4      8.71189E-001     -1.06899E-001     -4.67585E-001
 3    5      5.47829E-001     -1.01682E-001     -2.90615E-001
 3    6      2.25754E-001     -3.53637E-002     -7.45918E-002
 3    7      1.27848E-001     -7.86966E-003     -1.36256E-002
 3    8      1.07473E-001     -1.43010E-003     -2.96462E-003
 3    9      1.00671E-001     -3.40116E-004     -9.60938E-004
 3   10      9.64651E-002     -3.66352E-004     -3.66352E-004
 3   11      9.48773E-002     -4.39614E-004      4.89886E-015
 3   12      9.64651E-002     -3.66352E-004      3.66352E-004
 3   13      1.00671E-001     -3.40116E-004      9.60938E-004
 3   14      1.07473E-001     -1.43010E-003      2.96462E-003
 3   15      1.27848E-001     -7.86966E-003      1.36256E-002
 3   16      2.25754E-001     -3.53637E-002      7.45918E-002
 3   17      5.47829E-001     -1.01682E-001      2.90615E-001
 3   18      8.71189E-001     -1.06899E-001      4.67585E-001
 3   19      9.64303E-001     -4.27564E-002      3.57138E-001
 3   20      9.82405E-001     -8.13129E-003      1.47017E-001
 4    1      9.85600E-001      1.12410E-014     -2.63153E-012
 4    2      9.81947E-001      1.75887E-013     -1.63048E-001
 4    3      9.60622E-001      8.75439E-013     -3.85377E-001
 4    4      8.42399E-001      2.09399E-012     -4.79071E-001
 4    5      4.64622E-001      1.67885E-012     -2.58226E-001
 4    6      1.82831E-001      5.02778E-013     -5.37217E-002
 4    7      1.16649E-001      1.05780E-013     -9.20213E-003
 4    8      1.03962E-001      1.73056E-014     -2.35040E-003
 4    9      9.87443E-002      3.18495E-015     -9.95981E-004
 4   10      9.48773E-002      4.89539E-015     -4.39614E-004
 4   11      9.33505E-002      6.77930E-015      6.78277E-015
 4   12      9.48773E-002      5.25621E-015      4.39614E-004
 4   13      9.87443E-002      3.69496E-015      9.95981E-004
 4   14      1.03962E-001      1.75727E-014      2.35040E-003
 4   15      1.16649E-001      1.05263E-013      9.20213E-003
 4   16      1.82831E-001      4.99885E-013      5.37217E-002
 4   17      4.64622E-001      1.66965E-012      2.58226E-001
 4   18      8.42399E-001      2.08283E-012      4.79071E-001
 4   19      9.60622E-001      8.70914E-013      3.85377E-001
 4   20      9.81947E-001      1.74943E-013      1.63048E-001
 5    1      9.85643E-001      2.02374E-004     -2.36283E-012
 5    2      9.82405E-001      8.13129E-003     -1.47017E-001
 5    3      9.64303E-001      4.27564E-002     -3.57138E-001
 5    4      8.71189E-001      1.06899E-001     -4.67585E-001
 5    5      5.47829E-001      1.01682E-001     -2.90615E-001
 5    6      2.25754E-001      3.53637E-002     -7.45918E-002
 5    7      1.27848E-001      7.86966E-003     -1.36256E-002
 5    8      1.07473E-001      1.43010E-003     -2.96462E-003
 5    9      1.00671E-001      3.40116E-004     -9.60938E-004
 5   10      9.64651E-002      3.66352E-004     -3.66352E-004
 5   11      9.48773E-002      4.39614E-004      5.25621E-015
 5   12      9.64651E-002      3.66352E-004      3.66352E-004
 5   13      1.00671E-001      3.40116E-004      9.60938E-004
 5   14      1.07473E-001      1.43010E-003      2.96462E-003
 5   15      1.27848E-001      7.86966E-003      1.36256E-002
 5   16      2.25754E-001      3.53637E-002      7.45918E-002
 5   17      5.47829E-001      1.01682E-001      2.90615E-001
 5   18      8.71189E-001      1.06899E-001      4.67585E-001
 5   19      9.64303E-001      4.27564E-002      3.57138E-001
 5   20      9.82405E-001      8.13129E-003      1.47017E-001
 6    1      9.85631E-001     -1.12761E-003     -1.71865E-012
 6    2      9.83318E-001      1.05585E-002     -1.07179E-001
 6    3      9.71778E-001      6.39340E-002     -2.74724E-001
 6    4      9.23862E-001      1.78133E-001     -4.15548E-001
 6    5      7.44709E-001      2.32657E-001     -3.53547E-001
 6    6      4.00457E-001      1.26957E-001     -1.56082E-001
 6    7      1.84412E-001      3.51568E-002     -3.87141E-002
 6    8      1.22888E-001      7.23573E-003     -7.85751E-003
 6    9      1.06832E-001      1.60262E-003     -1.60262E-003
 6   10      1.00671E-001      9.60938E-004     -3.40116E-004
 6   11      9.87443E-002      9.95981E-004      3.69496E-015
 6   12      1.00671E-001      9.60938E-004      3.40116E-004
 6   13      1.06832E-001      1.60262E-003      1.60262E-003
 6   14      1.22888E-001      7.23573E-003      7.85751E-003
 6   15      1.84412E-001      3.51568E-002      3.87141E-002
 6   16      4.00457E-001      1.26957E-001      1.56082E-001
 6   17      7.44709E-001      2.32657E-001      3.53547E-001
 6   18      9.23862E-001      1.78133E-001      4.15548E-001
 6   19      9.71778E-001      6.39340E-002      2.74724E-001
 6   20      9.83318E-001      1.05585E-002      1.07179E-001
 7    1      9.85437E-001     -2.45462E-003     -1.01999E-012
 7    2      9.84043E-001      8.46633E-003     -6.28139E-002
 7    3      9.78044E-001      5.82625E-002     -1.65342E-001
 7    4      9.59040E-001      1.80438E-001     -2.99484E-001
 7    5      8.96811E-001      3.04165E-001     -3.62339E-001
 7    6      6.98993E-001      2.77222E-001     -2.86627E-001
 7    7      3.72389E-001      1.27944E-001     -1.28151E-001
 7    8      1.80123E-001      3.38342E-002     -3.38342E-002
 7    9      1.22888E-001      7.85751E-003     -7.23573E-003
 7   10      1.07473E-001      2.96462E-003     -1.43010E-003
 7   11      1.03962E-001      2.35040E-003      1.75727E-014
 7   12      1.07473E-001      2.96462E-003      1.43010E-003
 7   13      1.22888E-001      7.85751E-003      7.23573E-003
 7   14      1.80123E-001      3.38342E-002      3.38342E-002
 7   15      3.72389E-001      1.27944E-001      1.28151E-001
 7   16      6.98993E-001      2.77222E-001      2.86627E-001
 7   17      8.96811E-001      3.04165E-001      3.62339E-001
 7   18      9.59040E-001      1.80438E-001      2.99484E-001
 7   19      9.78044E-001      5.82625E-002      1.65342E-001
 7   20      9.84043E-001      8.46633E-003      6.28139E-002
 8    1      9.85202E-001     -2.04840E-003     -4.97935E-013
 8    2      9.84487E-001      5.87098E-003     -2.98729E-002
 8    3      9.81829E-001      3.95867E-002     -7.76398E-002
 8    4      9.75096E-001      1.25552E-001     -1.61275E-001
 8    5      9.56695E-001      2.59090E-001     -2.74772E-001
 8    6      8.94109E-001      3.40947E-001     -3.41287E-001
 8    7      6.94115E-001      2.80490E-001     -2.80490E-001
 8    8      3.72389E-001      1.28151E-001     -1.27944E-001
 8    9      1.84412E-001      3.87141E-002     -3.51568E-002
 8   10      1.27848E-001      1.36256E-002     -7.86966E-003
 8   11      1.16649E-001      9.20213E-003      1.05249E-013
 8   12      1.27848E-001      1.36256E-002      7.86966E-003
 8   13      1.84412E-001      3.87141E-002      3.51568E-002
 8   14      3.72389E-001      1.28151E-001      1.27944E-001
 8   15      6.94115E-001      2.80490E-001      2.80490E-001
 8   16      8.94109E-001      3.40947E-001      3.41287E-001
 8   17      9.56695E-001      2.59090E-001      2.74772E-001
 8   18      9.75096E-001      1.25552E-001      1.61275E-001
 8   19      9.81829E-001      3.95867E-002      7.76398E-002
 8   20      9.84487E-001      5.87098E-003      2.98729E-002
 9    1      9.85091E-001     -6.47990E-004     -2.00534E-013
 9    2      9.84792E-001      4.04732E-003     -1.17595E-002
 9    3      9.83796E-001      2.20621E-002     -3.01331E-002
 9    4      9.81573E-001      6.58101E-002     -6.90153E-002
 9    5      9.75829E-001      1.51626E-001     -1.51033E-001
 9    6      9.57681E-001      2.71305E-001     -2.71305E-001
 9    7      8.94109E-001      3.41287E-001     -3.40947E-001
 9    8      6.98993E-001      2.86627E-001     -2.77222E-001
 9    9      4.00457E-001      1.56082E-001     -1.26957E-001
 9   10      2.25754E-001      7.45918E-002     -3.53637E-002
 9   11      1.82831E-001      5.37217E-002      4.99829E-013
 9   12      2.25754E-001      7.45918E-002      3.53637E-002
 9   13      4.00457E-001      1.56082E-001      1.26957E-001
 9   14      6.98993E-001      2.86627E-001      2.77222E-001
 9   15      8.94109E-001      3.41287E-001      3.40947E-001
 9   16      9.57681E-001      2.71305E-001      2.71305E-001
 9   17      9.75829E-001      1.51626E-001      1.51033E-001
 9   18      9.81573E-001      6.58101E-002      6.90153E-002
 9   19      9.83796E-001      2.20621E-002      3.01331E-002
 9   20      9.84792E-001      4.04732E-003      1.17595E-002
10    1      9.85098E-001      3.18907E-004     -6.59472E-014
10    2      9.85003E-001      2.57947E-003     -3.88884E-003
10    3      9.84699E-001      1.04473E-002     -1.04310E-002
10    4      9.83999E-001      2.83316E-002     -2.67496E-002
10    5      9.82009E-001      6.80745E-002     -6.80745E-002
10    6      9.75829E-001      1.51033E-001     -1.51626E-001
10    7      9.56695E-001      2.74772E-001     -2.59090E-001
10    8      8.96811E-001      3.62339E-001     -3.04165E-001
10    9      7.44709E-001      3.53547E-001     -2.32657E-001
10   10      5.47829E-001      2.90615E-001     -1.01682E-001
10   11      4.64622E-001      2.58226E-001      1.66943E-012
10   12      5.47829E-001      2.90615E-001      1.01682E-001
10   13      7.44709E-001      3.53547E-001      2.32657E-001
10   14      8.96811E-001      3.62339E-001      3.04165E-001
10   15      9.56695E-001      2.74772E-001      2.59090E-001
10   16      9.75829E-001      1.51033E-001      1.51626E-001
10   17      9.82009E-001      6.80745E-002      6.80745E-002
10   18      9.83999E-001      2.83316E-002      2.67496E-002
10   19      9.84699E-001      1.04473E-002      1.04310E-002
10   20      9.85003E-001      2.57947E-003      3.88884E-003
11    1      9.85143E-001      5.13750E-004     -1.76248E-014
11    2      9.85123E-001      1.36846E-003     -1.13449E-003
11    3      9.85047E-001      4.17673E-003     -3.60126E-003
11    4      9.84807E-001      1.05534E-002     -1.05534E-002
11    5      9.83999E-001      2.67496E-002     -2.83316E-002
11    6      9.81573E-001      6.90153E-002     -6.58101E-002
11    7      9.75096E-001      1.61275E-001     -1.25552E-001
11    8      9.59040E-001      2.99484E-001     -1.80438E-001
11    9      9.23862E-001      4.15548E-001     -1.78133E-001
11   10      8.71189E-001      4.67585E-001     -1.06899E-001
11   11      8.42399E-001      4.79071E-001      2.08270E-012
11   12      8.71189E-001      4.67585E-001      1.06899E-001
11   13      9.23862E-001      4.15548E-001      1.78133E-001
11   14      9.59040E-001      2.99484E-001      1.80438E-001
11   15      9.75096E-001      1.61275E-001      1.25552E-001
11   16      9.81573E-001      6.90153E-002      6.58101E-002
11   17      9.83999E-001      2.67496E-002      2.83316E-002
11   18      9.84807E-001      1.05534E-002      1.05534E-002
11   19      9.85047E-001      4.17673E-003      3.60126E-003
11   20      9.85123E-001      1.36846E-003      1.13449E-003
12    1      9.85175E-001      3.27333E-004     -4.55191E-015
12    2      9.85173E-001      5.63508E-004     -3.57635E-004
12    3      9.85151E-001      1.37875E-003     -1.37875E-003
12    4      9.85047E-001      3.60126E-003     -4.17673E-003
12    5      9.84699E-001      1.04310E-002     -1.04473E-002
12    6      9.83796E-001      3.01331E-002     -2.20621E-002
12    7      9.81829E-001      7.76398E-002     -3.95867E-002
12    8      9.78044E-001      1.65342E-001     -5.82625E-002
12    9      9.71778E-001      2.74724E-001     -6.39340E-002
12   10      9.64303E-001      3.57138E-001     -4.27564E-002
12   11      9.60622E-001      3.85377E-001      8.70665E-013
12   12      9.64303E-001      3.57138E-001      4.27564E-002
12   13      9.71778E-001      2.74724E-001      6.39340E-002
12   14      9.78044E-001      1.65342E-001      5.82625E-002
12   15      9.81829E-001      7.76398E-002      3.95867E-002
12   16      9.83796E-001      3.01331E-002      2.20621E-002
12   17      9.84699E-001      1.04310E-002      1.04473E-002
12   18      9.85047E-001      3.60126E-003      4.17673E-003
12   19      9.85151E-001      1.37875E-003      1.37875E-003
12   20      9.85173E-001      5.63508E-004      3.57635E-004
13    1      9.85188E-001      1.24231E-004     -1.97065E-015
13    2      9.85186E-001      1.64459E-004     -1.64459E-004
13    3      9.85173E-001      3.57635E-004     -5.63508E-004
13    4      9.85123E-001      1.13449E-003     -1.36846E-003
13    5      9.85003E-001      3.88884E-003     -2.57947E-003
13    6      9.84792E-001      1.17595E-002     -4.04732E-003
13    7      9.84487E-001      2.98729E-002     -5.87098E-003
13    8      9.84043E-001      6.28139E-002     -8.46633E-003
13    9      9.83318E-001      1.07179E-001     -1.05585E-002
13   10      9.82405E-001      1.47017E-001     -8.13129E-003
13   11      9.81947E-001      1.63048E-001      1.74832E-013
13   12      9.82405E-001      1.47017E-001      8.13129E-003
13   13      9.83318E-001      1.07179E-001      1.05585E-002
13   14      9.84043E-001      6.28139E-002      8.46633E-003
13   15      9.84487E-001      2.98729E-002      5.87098E-003
13   16      9.84792E-001      1.17595E-002      4.04732E-003
13   17      9.85003E-001      3.88884E-003      2.57947E-003
13   18      9.85123E-001      1.13449E-003      1.36846E-003
13   19      9.85173E-001      3.57635E-004      5.63508E-004
13   20      9.85186E-001      1.64459E-004      1.64459E-004
14    1      9.85190E-001     -1.60982E-015     -1.60982E-015
14    2      9.85188E-001     -1.85962E-015     -1.24231E-004
14    3      9.85175E-001     -4.66294E-015     -3.27333E-004
14    4      9.85143E-001     -1.80134E-014     -5.13750E-004
14    5      9.85098E-001     -6.64191E-014     -3.18907E-004
14    6      9.85091E-001     -2.01478E-013      6.47990E-004
14    7      9.85202E-001     -4.99684E-013      2.04840E-003
14    8      9.85437E-001     -1.02263E-012      2.45462E-003
14    9      9.85631E-001     -1.72176E-012      1.12761E-003
14   10      9.85643E-001     -2.36522E-012     -2.02374E-004
14   11      9.85600E-001     -2.63192E-012      1.11300E-014
14   12      9.85643E-001     -2.36322E-012      2.02374E-004
14   13      9.85631E-001     -1.71896E-012     -1.12761E-003
14   14      9.85437E-001     -1.02013E-012     -2.45462E-003
14   15      9.85202E-001     -4.98046E-013     -2.04840E-003
14   16      9.85091E-001     -2.00395E-013     -6.47990E-004
14   17      9.85098E-001     -6.58085E-014      3.18907E-004
14   18      9.85143E-001     -1.76248E-014      5.13750E-004
14   19      9.85175E-001     -4.44089E-015      3.27333E-004
14   20      9.85188E-001     -1.83187E-015      1.24231E-004
15    1      9.85188E-001     -1.24231E-004     -2.05391E-015
15    2      9.85186E-001     -1.64459E-004     -1.64459E-004
15    3      9.85173E-001     -3.57635E-004     -5.63508E-004
15    4      9.85123E-001     -1.13449E-003     -1.36846E-003
15    5      9.85003E-001     -3.88884E-003     -2.57947E-003
15    6      9.84792E-001     -1.17595E-002     -4.04732E-003
15    7      9.84487E-001     -2.98729E-002     -5.87098E-003
15    8      9.84043E-001     -6.28139E-002     -8.46633E-003
15    9      9.83318E-001     -1.07179E-001     -1.05585E-002
15   10      9.82405E-001     -1.47017E-001     -8.13129E-003
15   11      9.81947E-001     -1.63048E-001      1.75748E-013
15   12      9.82405E-001     -1.47017E-001      8.13129E-003
15   13      9.83318E-001     -1.07179E-001      1.05585E-002
15   14      9.84043E-001     -6.28139E-002      8.46633E-003
15   15      9.84487E-001     -2.98729E-002      5.87098E-003
15   16      9.84792E-001     -1.17595E-002      4.04732E-003
15   17      9.85003E-001     -3.88884E-003      2.57947E-003
15   18      9.85123E-001     -1.13449E-003      1.36846E-003
15   19      9.85173E-001     -3.57635E-004      5.63508E-004
15   20      9.85186E-001     -1.64459E-004      1.64459E-004
16    1      9.85175E-001     -3.27333E-004     -4.77396E-015
16    2      9.85173E-001     -5.63508E-004     -3.57635E-004
16    3      9.85151E-001     -1.37875E-003     -1.37875E-003
16    4      9.85047E-001     -3.60126E-003     -4.17673E-003
16    5      9.84699E-001     -1.04310E-002     -1.04473E-002
16    6      9.83796E-001     -3.01331E-002     -2.20621E-002
16    7      9.81829E-001     -7.76398E-002     -3.95867E-002
16    8      9.78044E-001     -1.65342E-001     -5.82625E-002
16    9      9.71778E-001     -2.74724E-001     -6.39340E-002
16   10      9.64303E-001     -3.57138E-001     -4.27564E-002
16   11      9.60622E-001     -3.85377E-001      8.75244E-013
16   12      9.64303E-001     -3.57138E-001      4.27564E-002
16   13      9.71778E-001     -2.74724E-001      6.39340E-002
16   14      9.78044E-001     -1.65342E-001      5.82625E-002
16   15      9.81829E-001     -7.76398E-002      3.95867E-002
16   16      9.83796E-001     -3.01331E-002      2.20621E-002
16   17      9.84699E-001     -1.04310E-002      1.04473E-002
16   18      9.85047E-001     -3.60126E-003      4.17673E-003
16   19      9.85151E-001     -1.37875E-003      1.37875E-003
16   20      9.85173E-001     -5.63508E-004      3.57635E-004
17    1      9.85143E-001     -5.13750E-004     -1.79301E-014
17    2      9.85123E-001     -1.36846E-003     -1.13449E-003
17    3      9.85047E-001     -4.17673E-003     -3.60126E-003
17    4      9.84807E-001     -1.05534E-002     -1.05534E-002
17    5      9.83999E-001     -2.67496E-002     -2.83316E-002
17    6      9.81573E-001     -6.90153E-002     -6.58101E-002
17    7      9.75096E-001     -1.61275E-001     -1.25552E-001
17    8      9.59040E-001     -2.99484E-001     -1.80438E-001
17    9      9.23862E-001     -4.15548E-001     -1.78133E-001
17   10      8.71189E-001     -4.67585E-001     -1.06899E-001
17   11      8.42399E-001     -4.79071E-001      2.09374E-012
17   12      8.71189E-001     -4.67585E-001      1.06899E-001
17   13      9.23862E-001     -4.15548E-001      1.78133E-001
17   14      9.59040E-001     -2.99484E-001      1.80438E-001
17   15      9.75096E-001     -1.61275E-001      1.25552E-001
17   16      9.81573E-001     -6.90153E-002      6.58101E-002
17   17      9.83999E-001     -2.67496E-002      2.83316E-002
17   18      9.84807E-001     -1.05534E-002      1.05534E-002
17   19      9.85047E-001     -4.17673E-003      3.60126E-003
17   20      9.85123E-001     -1.36846E-003      1.13449E-003
18    1      9.85098E-001     -3.18907E-004     -6.63636E-014
18    2      9.85003E-001     -2.57947E-003     -3.88884E-003
18    3      9.84699E-001     -1.04473E-002     -1.04310E-002
18    4      9.83999E-001     -2.83316E-002     -2.67496E-002
18    5      9.82009E-001     -6.80745E-002     -6.80745E-002
18    6      9.75829E-001     -1.51033E-001     -1.51626E-001
18    7      9.56695E-001     -2.74772E-001     -2.59090E-001
18    8      8.96811E-001     -3.62339E-001     -3.04165E-001
18    9      7.44709E-001     -3.53547E-001     -2.32657E-001
18   10      5.47829E-001     -2.90615E-001     -1.01682E-001
18   11      4.64622E-001     -2.58226E-001      1.67866E-012
18   12      5.47829E-001     -2.90615E-001      1.01682E-001
18   13      7.44709E-001     -3.53547E-001      2.32657E-001
18   14      8.96811E-001     -3.62339E-001      3.04165E-001
18   15      9.56695E-001     -2.74772E-001      2.59090E-001
18   16      9.75829E-001     -1.51033E-001      1.51626E-001
18   17      9.82009E-001     -6.80745E-002      6.80745E-002
18   18      9.83999E-001     -2.83316E-002      2.67496E-002
18   19      9.84699E-001     -1.04473E-002      1.04310E-002
18   20      9.85003E-001     -2.57947E-003      3.88884E-003
19    1      9.85091E-001      6.47990E-004     -2.01256E-013
19    2      9.84792E-001     -4.04732E-003     -1.17595E-002
19    3      9.83796E-001     -2.20621E-002     -3.01331E-002
19    4      9.81573E-001     -6.58101E-002     -6.90153E-002
19    5      9.75829E-001     -1.51626E-001     -1.51033E-001
19    6      9.57681E-001     -2.71305E-001     -2.71305E-001
19    7      8.94109E-001     -3.41287E-001     -3.40947E-001
19    8      6.98993E-001     -2.86627E-001     -2.77222E-001
19    9      4.00457E-001     -1.56082E-001     -1.26957E-001
19   10      2.25754E-001     -7.45918E-002     -3.53637E-002
19   11      1.82831E-001     -5.37217E-002      5.02716E-013
19   12      2.25754E-001     -7.45918E-002      3.53637E-002
19   13      4.00457E-001     -1.56082E-001      1.26957E-001
19   14      6.98993E-001     -2.86627E-001      2.77222E-001
19   15      8.94109E-001     -3.41287E-001      3.40947E-001
19   16      9.57681E-001     -2.71305E-001      2.71305E-001
19   17      9.75829E-001     -1.51626E-001      1.51033E-001
19   18      9.81573E-001     -6.58101E-002      6.90153E-002
19   19      9.83796E-001     -2.20621E-002      3.01331E-002
19   20      9.84792E-001     -4.04732E-003      1.17595E-002
20    1      9.85202E-001      2.04840E-003     -4.99351E-013
20    2      9.84487E-001     -5.87098E-003     -2.98729E-002
20    3      9.81829E-001     -3.95867E-002     -7.76398E-002
20    4      9.75096E-001     -1.25552E-001     -1.61275E-001
20    5      9.56695E-001     -2.59090E-001     -2.74772E-001
20    6      8.94109E-001     -3.40947E-001     -3.41287E-001
20    7      6.94115E-001     -2.80490E-001     -2.80490E-001
20    8      3.72389E-001     -1.28151E-001     -1.27944E-001
20    9      1.84412E-001     -3.87141E-002     -3.51568E-002
20   10      1.27848E-001     -1.36256E-002     -7.86966E-003
20   11      1.16649E-001     -9.20213E-003      1.05766E-013
20   12      1.27848E-001     -1.36256E-002      7.86966E-003
20   13      1.84412E-001     -3.87141E-002      3.51568E-002
20   14      3.72389E-001     -1.28151E-001      1.27944E-001
20   15      6.94115E-001     -2.80490E-001      2.80490E-001
20   16      8.94109E-001     -3.40947E-001      3.41287E-001
20   17      9.56695E-001     -2.59090E-001      2.74772E-001
20   18      9.75096E-001     -1.25552E-001      1.61275E-001
20   19      9.81829E-001     -3.95867E-002      7.76398E-002
20   20      9.84487E-001     -5.87098E-003      2.98729E-002
